{
 "cells": [
  {
   "cell_type": "markdown",
   "id": "fbbdf4d8",
   "metadata": {},
   "source": [
    "# Machine Learning-based Force Fields Tutorial"
   ]
  },
  {
   "cell_type": "markdown",
   "id": "52224e50",
   "metadata": {},
   "source": [
    "## Introduction"
   ]
  },
  {
   "cell_type": "markdown",
   "id": "0d9aca5a",
   "metadata": {},
   "source": [
    "In this tutorial, we demonstrate how we can derive and use machine learning (ML) based force fields for a simple system: *alanine dipeptide in implicit solvent*.\n",
    "\n",
    "<div>\n",
    "<img src=\"https://ambermd.org/tutorials/basic/tutorial0/include/Alanine_Dipeptide_3D.png\" width=\"200\"/>\n",
    "</div>\n",
    "\n",
    "The following steps will be carried out:\n",
    "1. Construct the system.\n",
    "2. Perform biased molecular dynamics simulations using a classical force field ([ff14SBonlysc](https://pubs.acs.org/doi/full/10.1021/ja5032776)) based potential to obtain samples. The bias is provided by [metadynamics](https://www.ncbi.nlm.nih.gov/pmc/articles/PMC130499/), which is an adaptive potential of mean force technique.\n",
    "3. Compute energy and atomic forces of collected configurations using a more expensive semiempirical potential ([PM6](https://link.springer.com/article/10.1007/s00894-007-0233-4)).\n",
    "4. Fit (learn) the PM6 potential energy surface by Gaussian process regression (GPR) and neural network (NN).\n",
    "5. Perform molecular dynamics simulations on the ML-based potential energy surface.\n",
    "6. Compute the free energy surface ([Ramachandran plot](https://en.wikipedia.org/wiki/Ramachandran_plot)) on the ML-based potential.\n",
    "\n",
    "The entire notebook runs within **20 minutes** tested on a 15-inch, 2017 MacBook Pro (with a 2.9 GHz Quad-Core Intel Core i7 processor)."
   ]
  },
  {
   "cell_type": "markdown",
   "id": "dbc194b7",
   "metadata": {},
   "source": [
    "## Required softwares"
   ]
  },
  {
   "cell_type": "markdown",
   "id": "6a07d8d8",
   "metadata": {},
   "source": [
    "For creating the system and initial coordinates we use the [AmberTools](https://ambermd.org/AmberTools.php) package. This package is also used for providing the [ff14SBonlysc](https://pubs.acs.org/doi/full/10.1021/ja5032776) force field and the [PM6](https://link.springer.com/article/10.1007/s00894-007-0233-4) semiempirical potential.\n",
    "\n",
    "Unbiased and biased molecular dynamics simulations as well as analyses of trajectories are performed within the [Atomic Simulation Environment](https://wiki.fysik.dtu.dk/ase/) (ASE).\n",
    "\n",
    "Interactive view of the structures and trajectories is provided by [nglview](http://nglviewer.org/nglview/latest/).\n",
    "\n",
    "Finally, for [automatic differentiation](https://en.wikipedia.org/wiki/Automatic_differentiation) and construction of the GPR and NN models, we use [PyTorch](https://pytorch.org/). "
   ]
  },
  {
   "cell_type": "markdown",
   "id": "a94fdd42",
   "metadata": {},
   "source": [
    "## Installation of softwares"
   ]
  },
  {
   "cell_type": "markdown",
   "id": "e0f71408",
   "metadata": {},
   "source": [
    "We are using [Python3](https://www.python.org/) and [Jupyter notebook](https://jupyter.org/install). The latter, as many other packages that we are using, can be installed by [pip](https://pip.pypa.io/en/stable/), the package installer for Python.\n",
    "\n",
    "We also need `conda` to install the `ambertools` package.\n",
    "The simplest way to obtain `conda` is to install [miniconda](https://docs.conda.io/en/latest/miniconda.html). \n",
    "If using [Colab](https://colab.research.google.com/), install `condacolab` **from this notebook** by running the following commands:\n",
    "```\n",
    "! pip3 install -q condacolab\n",
    "import condacolab\n",
    "condacolab.install()\n",
    "```\n",
    "\n",
    "Install `ambertools` using `conda` **from this notebook**:\n",
    "```\n",
    "! conda install -y -q -c conda-forge ambertools\n",
    "! echo \"source $CONDA_PREFIX/amber.sh > /dev/null\" >> ~/.bashrc\n",
    "```\n",
    "\n",
    "Install the following packages **from this notebook** if they are not already available:\n",
    "```\n",
    "! pip3 install --quiet tqdm        # progress bar\n",
    "! pip3 install --quiet numpy       # mathematical functions \n",
    "! pip3 install --quiet matplotlib  # plotting\n",
    "! pip3 install --quiet ase         # atomic / molecular simulation\n",
    "! pip3 install --quiet nglview     # viewing snapshots and trajectories\n",
    "! pip3 install \"ipywidgets <8\"     # for running nglview\n",
    "! pip3 install torch torchvision torchaudio --extra-index-url https://download.pytorch.org/whl/cpu  # pytorch\n",
    "```"
   ]
  },
  {
   "cell_type": "markdown",
   "id": "afa4f28e",
   "metadata": {},
   "source": [
    "## Load packages and functions"
   ]
  },
  {
   "cell_type": "code",
   "execution_count": 1,
   "id": "58deda62",
   "metadata": {},
   "outputs": [
    {
     "data": {
      "application/vnd.jupyter.widget-view+json": {
       "model_id": "f7529a5789e541a8b258546f16a14bf7",
       "version_major": 2,
       "version_minor": 0
      },
      "text/plain": []
     },
     "metadata": {},
     "output_type": "display_data"
    }
   ],
   "source": [
    "# ignore warnings\n",
    "import warnings\n",
    "warnings.filterwarnings(\"ignore\")\n",
    "\n",
    "# progress bar\n",
    "import tqdm\n",
    "\n",
    "# load ase related functions\n",
    "from ase import units\n",
    "from ase.calculators.calculator import Calculator\n",
    "from ase.calculators.amber import SANDER\n",
    "from ase.io import read, write\n",
    "from ase.io.trajectory import Trajectory\n",
    "from ase.md.velocitydistribution import MaxwellBoltzmannDistribution\n",
    "from ase.md.md import MolecularDynamics\n",
    "from ase.md import Langevin\n",
    "from ase.optimize.precon import PreconLBFGS\n",
    "\n",
    "# load parmed and sander\n",
    "from parmed.amber.readparm import Rst7, AmberParm\n",
    "import sander\n",
    "\n",
    "# load numpy\n",
    "import numpy as np\n",
    "\n",
    "# load matplotlib for plotting\n",
    "import matplotlib.pyplot as plt\n",
    "\n",
    "# load nglview for visualisation\n",
    "from nglview import show_file, show_asetraj\n",
    "\n",
    "# load torch functions for computing derivatives and ML\n",
    "import torch\n",
    "import functorch as ft\n",
    "import torch.autograd.functional as F\n",
    "\n",
    "# display youtube videos\n",
    "from IPython.display import YouTubeVideo"
   ]
  },
  {
   "cell_type": "markdown",
   "id": "9d41e78a",
   "metadata": {},
   "source": [
    "### Set the precision to double (64-bit floating point)"
   ]
  },
  {
   "cell_type": "code",
   "execution_count": 2,
   "id": "a43e31a5",
   "metadata": {},
   "outputs": [],
   "source": [
    "dt = torch.float64"
   ]
  },
  {
   "cell_type": "markdown",
   "id": "ffbd0bcb",
   "metadata": {},
   "source": [
    "## 1. Create the system using AmberTools"
   ]
  },
  {
   "cell_type": "markdown",
   "id": "d7e64b9c",
   "metadata": {},
   "source": [
    "#### Create the leap input file for alanine dipeptide (aka dialanine)"
   ]
  },
  {
   "cell_type": "code",
   "execution_count": 3,
   "id": "33c67450",
   "metadata": {},
   "outputs": [
    {
     "name": "stdout",
     "output_type": "stream",
     "text": [
      "Writing leap.in\n"
     ]
    }
   ],
   "source": [
    "%%file leap.in\n",
    "source leaprc.protein.ff14SBonlysc\n",
    "dialanine = sequence {ACE ALA NME}\n",
    "set default PBradii mbondi3 \n",
    "saveamberparm dialanine dialanine.top dialanine.crd\n",
    "quit"
   ]
  },
  {
   "cell_type": "markdown",
   "id": "6e12f1b0",
   "metadata": {},
   "source": [
    "#### Run tleap to obtain topology and coordinate files for the specified force field and create a pdb file as well"
   ]
  },
  {
   "cell_type": "code",
   "execution_count": 4,
   "id": "9075f3a0",
   "metadata": {},
   "outputs": [],
   "source": [
    "! tleap -f leap.in > leap.log\n",
    "! ambpdb -p dialanine.top -c dialanine.crd -aatm > dialanine.pdb"
   ]
  },
  {
   "cell_type": "markdown",
   "id": "9532c950",
   "metadata": {},
   "source": [
    "#### Visualize the initial structure"
   ]
  },
  {
   "cell_type": "code",
   "execution_count": 5,
   "id": "78172c5a",
   "metadata": {},
   "outputs": [
    {
     "data": {
      "application/vnd.jupyter.widget-view+json": {
       "model_id": "58db9fd11b4b49e585e3ca4f5e534401",
       "version_major": 2,
       "version_minor": 0
      },
      "text/plain": [
       "NGLWidget()"
      ]
     },
     "metadata": {},
     "output_type": "display_data"
    }
   ],
   "source": [
    "show_file(\"./dialanine.pdb\")"
   ]
  },
  {
   "cell_type": "markdown",
   "id": "e02a7ef6",
   "metadata": {},
   "source": [
    "## 2. Basic functions within ASE"
   ]
  },
  {
   "cell_type": "markdown",
   "id": "8e7e1ee0",
   "metadata": {},
   "source": [
    "### 2.1. Load atoms, topology and coordinate files"
   ]
  },
  {
   "cell_type": "code",
   "execution_count": 6,
   "id": "4bf551da",
   "metadata": {},
   "outputs": [],
   "source": [
    "# read pdb file to Atoms object\n",
    "atoms = read('dialanine.pdb')"
   ]
  },
  {
   "cell_type": "code",
   "execution_count": 7,
   "id": "df85a083",
   "metadata": {},
   "outputs": [
    {
     "data": {
      "text/plain": [
       "array([[ 2.   ,  1.   ,  0.   ],\n",
       "       [ 2.   ,  2.09 ,  0.   ],\n",
       "       [ 1.486,  2.454,  0.89 ],\n",
       "       [ 1.486,  2.454, -0.89 ],\n",
       "       [ 3.427,  2.641,  0.   ],\n",
       "       [ 4.391,  1.877,  0.   ],\n",
       "       [ 3.555,  3.97 ,  0.   ],\n",
       "       [ 2.733,  4.556,  0.   ],\n",
       "       [ 4.853,  4.614,  0.   ],\n",
       "       [ 5.408,  4.316,  0.89 ],\n",
       "       [ 5.661,  4.221, -1.232],\n",
       "       [ 5.123,  4.521, -2.131],\n",
       "       [ 6.63 ,  4.719, -1.206],\n",
       "       [ 5.809,  3.141, -1.241],\n",
       "       [ 4.713,  6.129,  0.   ],\n",
       "       [ 3.601,  6.653,  0.   ],\n",
       "       [ 5.846,  6.835,  0.   ],\n",
       "       [ 6.737,  6.359,  0.   ],\n",
       "       [ 5.846,  8.284,  0.   ],\n",
       "       [ 4.819,  8.648,  0.   ],\n",
       "       [ 6.36 ,  8.648,  0.89 ],\n",
       "       [ 6.36 ,  8.648, -0.89 ]])"
      ]
     },
     "execution_count": 7,
     "metadata": {},
     "output_type": "execute_result"
    }
   ],
   "source": [
    "# show the Cartesian coordinates (in Å)\n",
    "atoms.get_positions()"
   ]
  },
  {
   "cell_type": "code",
   "execution_count": 8,
   "id": "fc237bf7",
   "metadata": {},
   "outputs": [
    {
     "data": {
      "text/plain": [
       "array([[0.        , 1.09      , 1.78056508, 1.78056508, 2.17467469,\n",
       "        2.54676461, 3.3524506 , 3.63076094, 4.60441147, 4.83760478,\n",
       "        5.02947174, 5.16640407, 6.05989249, 4.5422949 , 5.80232798,\n",
       "        5.87533914, 6.98848632, 7.15248558, 8.23701232, 8.15099166,\n",
       "        8.84836731, 8.84836731],\n",
       "       [1.09      , 0.        , 1.09031738, 1.09031738, 1.52968297,\n",
       "        2.4004687 , 2.43975921, 2.57263386, 3.80922367, 4.16673013,\n",
       "        4.41156503, 4.49489166, 5.45921029, 4.14163772, 4.86558219,\n",
       "        4.83571815, 6.10792444, 6.37679622, 7.29090886, 7.13821581,\n",
       "        7.92521697, 7.92521697],\n",
       "       [1.78056508, 1.09031738, 0.        , 1.78      , 2.14349014,\n",
       "        3.09258048, 2.71498011, 2.60105998, 4.09809578, 4.34155825,\n",
       "        5.00557669, 5.16010649, 5.99868127, 4.86841442, 4.97104154,\n",
       "        4.78507325, 6.24458654, 6.60409918, 7.33420752, 7.08989598,\n",
       "        7.88172012, 8.08021732],\n",
       "       [1.78056508, 1.09031738, 1.78      , 0.        , 2.14349014,\n",
       "        3.09258048, 2.71498011, 2.60105998, 4.09809578, 4.69228388,\n",
       "        4.54641375, 4.36352369, 5.62945974, 4.3912981 , 4.97104154,\n",
       "        4.78507325, 6.24458654, 6.60409918, 7.33420752, 7.08989598,\n",
       "        8.08021732, 7.88172012],\n",
       "       [2.17467469, 1.52968297, 2.14349014, 2.14349014, 0.        ,\n",
       "        1.2300374 , 1.3351498 , 2.0368753 , 2.4343798 , 2.74264216,\n",
       "        3.00082989, 3.30937713, 4.00396416, 2.73203313, 3.71751799,\n",
       "        4.01577141, 4.84161099, 4.97791362, 6.13962621, 6.16617491,\n",
       "        6.74378514, 6.74378514],\n",
       "       [2.54676461, 2.4004687 , 3.09258048, 3.09258048, 1.2300374 ,\n",
       "        0.        , 2.25378459, 3.1505563 , 2.77571847, 2.78838842,\n",
       "        2.93684525, 3.47386255, 3.81372797, 2.26903085, 4.26417495,\n",
       "        4.8408962 , 5.16708709, 5.05885758, 6.57013501, 6.78451362,\n",
       "        7.10742583, 7.10742583],\n",
       "       [3.3524506 , 2.43975921, 2.71498011, 2.71498011, 1.3351498 ,\n",
       "        2.25378459, 0.        , 1.00949492, 1.44897895, 2.0845683 ,\n",
       "        2.45276599, 2.70247775, 3.38689563, 2.70330132, 2.44994796,\n",
       "        2.68339431, 3.66836558, 3.9790005 , 4.88459589, 4.84575897,\n",
       "        5.52664537, 5.52664537],\n",
       "       [3.63076094, 2.57263386, 2.60105998, 2.60105998, 2.0368753 ,\n",
       "        3.1505563 , 1.00949492, 0.        , 2.12079325, 2.8293683 ,\n",
       "        3.19424999, 3.20226264, 4.08259893, 3.6061173 , 2.52878014,\n",
       "        2.26954467, 3.8580578 , 4.39122136, 4.8568254 , 4.59302297,\n",
       "        5.54000839, 5.54000839],\n",
       "       [4.60441147, 3.80922367, 4.09809578, 4.09809578, 2.4343798 ,\n",
       "        2.77571847, 1.44897895, 2.12079325, 0.        , 1.09038021,\n",
       "        1.52483999, 2.15004884, 2.15016046, 2.15028975, 1.5214549 ,\n",
       "        2.39270245, 2.4328769 , 2.56797216, 3.80196646, 4.03414328,\n",
       "        4.39730656, 4.39730656],\n",
       "       [4.83760478, 4.16673013, 4.34155825, 4.69228388, 2.74264216,\n",
       "        2.78838842, 2.0845683 , 2.8293683 , 1.09038021, 0.        ,\n",
       "        2.13913955, 3.04133047, 2.45945299, 2.46629013, 2.1359059 ,\n",
       "        3.08527438, 2.70726892, 2.59464641, 4.09010611, 4.46152945,\n",
       "        4.43537236, 4.77921835],\n",
       "       [5.02947174, 4.41156503, 5.00557669, 4.54641375, 3.00082989,\n",
       "        2.93684525, 2.45276599, 3.19424999, 1.52483999, 2.13913955,\n",
       "        0.        , 1.08979126, 1.08978943, 1.09013073, 2.46109569,\n",
       "        3.41702327, 2.89569422, 2.69195914, 4.24970799, 4.67173597,\n",
       "        4.95881175, 4.49487419],\n",
       "       [5.16640407, 4.49489166, 5.16010649, 4.36352369, 3.30937713,\n",
       "        3.47386255, 2.70247775, 3.20226264, 2.15004884, 3.04133047,\n",
       "        1.08979126, 0.        , 1.77929143, 1.77963367, 2.70091188,\n",
       "        3.37684305, 3.22776796, 3.24413332, 4.38452495, 4.65464349,\n",
       "        5.26200903, 4.48356766],\n",
       "       [6.05989249, 5.45921029, 5.99868127, 5.62945974, 4.00396416,\n",
       "        3.81372797, 3.38689563, 4.08259893, 2.15016046, 2.45945299,\n",
       "        1.08978943, 1.77929143, 0.        , 1.77914305, 2.66785026,\n",
       "        3.79072988, 2.55862229, 2.03850067, 3.84425767, 4.49123569,\n",
       "        4.46129544, 3.95092356],\n",
       "       [4.5422949 , 4.14163772, 4.86841442, 4.3912981 , 2.73203313,\n",
       "        2.26903085, 2.70330132, 3.6061173 , 2.15028975, 2.46629013,\n",
       "        1.09013073, 1.77963367, 1.77914305, 0.        , 3.41605635,\n",
       "        4.33006801, 3.8970612 , 3.57166474, 5.29073709, 5.7312503 ,\n",
       "        5.93058269, 5.54561548],\n",
       "       [5.80232798, 4.86558219, 4.97104154, 4.97104154, 3.71751799,\n",
       "        4.26417495, 2.44994796, 2.52878014, 1.5214549 , 2.1359059 ,\n",
       "        2.46109569, 2.70091188, 2.66785026, 3.41605635, 0.        ,\n",
       "        1.22927621, 1.33496255, 2.03702626, 2.43468971, 2.52122926,\n",
       "        3.13848212, 3.13848212],\n",
       "       [5.87533914, 4.83571815, 4.78507325, 4.78507325, 4.01577141,\n",
       "        4.8408962 , 2.68339431, 2.26954467, 2.39270245, 3.08527438,\n",
       "        3.41702327, 3.37684305, 3.79072988, 4.33006801, 1.22927621,\n",
       "        0.        , 2.2523652 , 3.1497511 , 2.7749209 , 2.33742358,\n",
       "        3.51912006, 3.51912006],\n",
       "       [6.98848632, 6.10792444, 6.24458654, 6.24458654, 4.84161099,\n",
       "        5.16708709, 3.66836558, 3.8580578 , 2.4328769 , 2.70726892,\n",
       "        2.89569422, 3.22776796, 2.55862229, 3.8970612 , 1.33496255,\n",
       "        2.2523652 , 0.        , 1.01017672, 1.449     , 2.08367416,\n",
       "        2.08405014, 2.08405014],\n",
       "       [7.15248558, 6.37679622, 6.60409918, 6.60409918, 4.97791362,\n",
       "        5.05885758, 3.9790005 , 4.39122136, 2.56797216, 2.59464641,\n",
       "        2.69195914, 3.24413332, 2.03850067, 3.57166474, 2.03702626,\n",
       "        3.1497511 , 1.01017672, 0.        , 2.1212039 , 2.98634308,\n",
       "        2.4847032 , 2.4847032 ],\n",
       "       [8.23701232, 7.29090886, 7.33420752, 7.33420752, 6.13962621,\n",
       "        6.57013501, 4.88459589, 4.8568254 , 3.80196646, 4.09010611,\n",
       "        4.24970799, 4.38452495, 3.84425767, 5.29073709, 2.43468971,\n",
       "        2.7749209 , 1.449     , 2.1212039 , 0.        , 1.08959855,\n",
       "        1.09031738, 1.09031738],\n",
       "       [8.15099166, 7.13821581, 7.08989598, 7.08989598, 6.16617491,\n",
       "        6.78451362, 4.84575897, 4.59302297, 4.03414328, 4.46152945,\n",
       "        4.67173597, 4.65464349, 4.49123569, 5.7312503 , 2.52122926,\n",
       "        2.33742358, 2.08367416, 2.98634308, 1.08959855, 0.        ,\n",
       "        1.77954517, 1.77954517],\n",
       "       [8.84836731, 7.92521697, 7.88172012, 8.08021732, 6.74378514,\n",
       "        7.10742583, 5.52664537, 5.54000839, 4.39730656, 4.43537236,\n",
       "        4.95881175, 5.26200903, 4.46129544, 5.93058269, 3.13848212,\n",
       "        3.51912006, 2.08405014, 2.4847032 , 1.09031738, 1.77954517,\n",
       "        0.        , 1.78      ],\n",
       "       [8.84836731, 7.92521697, 8.08021732, 7.88172012, 6.74378514,\n",
       "        7.10742583, 5.52664537, 5.54000839, 4.39730656, 4.77921835,\n",
       "        4.49487419, 4.48356766, 3.95092356, 5.54561548, 3.13848212,\n",
       "        3.51912006, 2.08405014, 2.4847032 , 1.09031738, 1.77954517,\n",
       "        1.78      , 0.        ]])"
      ]
     },
     "execution_count": 8,
     "metadata": {},
     "output_type": "execute_result"
    }
   ],
   "source": [
    "# get the distance matrix (i.e. distances between all atoms)\n",
    "atoms.get_all_distances()"
   ]
  },
  {
   "cell_type": "code",
   "execution_count": 9,
   "id": "8a75af19",
   "metadata": {},
   "outputs": [
    {
     "data": {
      "text/plain": [
       "array([ 1.008, 12.011,  1.008,  1.008, 12.011, 15.999, 14.007,  1.008,\n",
       "       12.011,  1.008, 12.011,  1.008,  1.008,  1.008, 12.011, 15.999,\n",
       "       14.007,  1.008, 12.011,  1.008,  1.008,  1.008])"
      ]
     },
     "execution_count": 9,
     "metadata": {},
     "output_type": "execute_result"
    }
   ],
   "source": [
    "# get the atomic masses\n",
    "atoms.get_masses()"
   ]
  },
  {
   "cell_type": "code",
   "execution_count": 10,
   "id": "938a2b1c",
   "metadata": {},
   "outputs": [],
   "source": [
    "# read Amber topology and coordinate files\n",
    "top = AmberParm('dialanine.top')\n",
    "crd = Rst7('dialanine.crd')"
   ]
  },
  {
   "cell_type": "markdown",
   "id": "0bce642c",
   "metadata": {},
   "source": [
    "### 2.2. Setup an ASE calculator"
   ]
  },
  {
   "cell_type": "code",
   "execution_count": 11,
   "id": "e05a5b3b",
   "metadata": {},
   "outputs": [],
   "source": [
    "# setup a SANDER calculator using generalized Born implicit solvent \n",
    "mm_options = sander.gas_input(5)\n",
    "calc_ff = SANDER(atoms=atoms, top=top, crd=crd, mm_options=mm_options)\n",
    "# set the Atoms object calculator\n",
    "atoms.set_calculator(calc_ff)"
   ]
  },
  {
   "cell_type": "markdown",
   "id": "586398d7",
   "metadata": {},
   "source": [
    "### 2.3. Get energy and atomic forces"
   ]
  },
  {
   "cell_type": "markdown",
   "id": "e1b9d15f",
   "metadata": {},
   "source": [
    "#### The default unit of energy in ASE is eV that can be converted to kcal / mol by using the corresponding conversion factors"
   ]
  },
  {
   "cell_type": "code",
   "execution_count": 12,
   "id": "7b5cca8c",
   "metadata": {},
   "outputs": [
    {
     "name": "stdout",
     "output_type": "stream",
     "text": [
      "Potential energy (kcal/mol):  -28.284223306903897\n"
     ]
    }
   ],
   "source": [
    "print(\"Potential energy (kcal/mol): \", atoms.get_potential_energy()*units.mol/units.kcal)"
   ]
  },
  {
   "cell_type": "code",
   "execution_count": 13,
   "id": "b4698fe2",
   "metadata": {},
   "outputs": [
    {
     "name": "stdout",
     "output_type": "stream",
     "text": [
      "Forces (kcal/mol/Å): \n",
      " [[ 2.71923793e+00  5.65049159e-01 -5.47658354e-03]\n",
      " [ 7.80487423e+00  6.74449490e+00 -5.23573035e-03]\n",
      " [-4.40164344e-01 -6.38122542e-01 -8.82356833e-01]\n",
      " [-4.18712732e-01 -6.30760638e-01  8.72890658e-01]\n",
      " [-1.57154236e+01 -7.20082639e-01  6.08227797e+00]\n",
      " [-1.16529859e+01 -1.57236225e+01  9.61427417e+00]\n",
      " [-2.71353632e-01 -1.98896086e+01 -1.04589840e+01]\n",
      " [-1.40339586e+00 -4.50322908e-01 -1.04985556e-02]\n",
      " [ 1.13112650e+01  6.85243653e+00  5.18525726e+00]\n",
      " [ 2.95508112e-02  5.14442851e-01  1.34967508e+00]\n",
      " [-9.80686440e-01 -4.16621704e+00 -8.88588559e+00]\n",
      " [ 5.24517896e-01 -3.72550111e-01 -1.81335607e+00]\n",
      " [ 2.48314461e+00 -4.44135141e+00 -3.14395857e+00]\n",
      " [ 1.03302869e+01  7.29989917e+00 -8.49798072e+00]\n",
      " [ 4.12112008e+00 -1.80059977e+00  6.69333512e+00]\n",
      " [-1.09043355e+01  3.91315802e+00 -5.68106385e-01]\n",
      " [-5.03558767e+00  9.52160030e+00  4.34611326e+00]\n",
      " [-6.04851896e-01 -3.23582310e+00  1.70316059e-01]\n",
      " [ 6.09320553e+00  5.05917946e+00 -2.55094472e-02]\n",
      " [ 1.86754516e+00  8.11258235e+00 -8.65920889e-03]\n",
      " [ 7.38933301e-02  1.75241562e+00  4.76225776e-01]\n",
      " [ 6.88561267e-02  1.73380293e+00 -4.84357655e-01]]\n"
     ]
    }
   ],
   "source": [
    "print(\"Forces (kcal/mol/Å): \\n\", atoms.get_forces()*units.mol/units.kcal)"
   ]
  },
  {
   "cell_type": "markdown",
   "id": "78c4ac1f",
   "metadata": {},
   "source": [
    "### 2.4. Perform a geometry optimization"
   ]
  },
  {
   "cell_type": "markdown",
   "id": "45f5e72c",
   "metadata": {},
   "source": [
    "#### We use a the LMFGS method for geometry optimization"
   ]
  },
  {
   "cell_type": "code",
   "execution_count": 14,
   "id": "0c1fa5ab",
   "metadata": {
    "scrolled": true
   },
   "outputs": [
    {
     "name": "stdout",
     "output_type": "stream",
     "text": [
      "PreconLBFGS:   0  18:30:49       -1.226520       0.9745\n",
      "PreconLBFGS:   1  18:30:49       -1.272629       0.9834\n",
      "PreconLBFGS:   2  18:30:49       -1.332909       0.7023\n",
      "PreconLBFGS:   3  18:30:49       -1.375669       0.7742\n",
      "PreconLBFGS:   4  18:30:49       -1.393535       1.2136\n",
      "PreconLBFGS:   5  18:30:49       -1.413195       0.7067\n",
      "PreconLBFGS:   6  18:30:49       -1.433304       0.9102\n",
      "PreconLBFGS:   7  18:30:49       -1.449865       0.8962\n",
      "PreconLBFGS:   8  18:30:49       -1.460515       0.6019\n",
      "PreconLBFGS:   9  18:30:49       -1.471153       0.5923\n",
      "PreconLBFGS:  10  18:30:49       -1.476936       0.4301\n",
      "PreconLBFGS:  11  18:30:49       -1.483894       0.4390\n",
      "PreconLBFGS:  12  18:30:49       -1.488622       0.6044\n",
      "PreconLBFGS:  13  18:30:49       -1.494424       0.3590\n",
      "PreconLBFGS:  14  18:30:49       -1.500415       0.4023\n",
      "PreconLBFGS:  15  18:30:49       -1.507630       0.3770\n",
      "PreconLBFGS:  16  18:30:49       -1.516111       0.3952\n",
      "PreconLBFGS:  17  18:30:49       -1.522806       0.4448\n",
      "PreconLBFGS:  18  18:30:49       -1.527860       0.5000\n",
      "PreconLBFGS:  19  18:30:49       -1.531363       0.4626\n",
      "PreconLBFGS:  20  18:30:49       -1.536312       0.4253\n",
      "PreconLBFGS:  21  18:30:49       -1.538635       0.4634\n",
      "PreconLBFGS:  22  18:30:49       -1.542470       0.4388\n",
      "PreconLBFGS:  23  18:30:49       -1.544815       0.4524\n",
      "PreconLBFGS:  24  18:30:49       -1.548838       0.3937\n",
      "PreconLBFGS:  25  18:30:49       -1.553838       0.3545\n",
      "PreconLBFGS:  26  18:30:49       -1.558725       0.3394\n",
      "PreconLBFGS:  27  18:30:49       -1.564689       0.2450\n",
      "PreconLBFGS:  28  18:30:49       -1.567790       0.2537\n",
      "PreconLBFGS:  29  18:30:49       -1.569341       0.3560\n",
      "PreconLBFGS:  30  18:30:49       -1.571967       0.3310\n",
      "PreconLBFGS:  31  18:30:49       -1.573377       0.4283\n",
      "PreconLBFGS:  32  18:30:49       -1.575413       0.4310\n",
      "PreconLBFGS:  33  18:30:49       -1.578774       0.4020\n",
      "PreconLBFGS:  34  18:30:49       -1.580940       0.3699\n",
      "PreconLBFGS:  35  18:30:49       -1.583352       0.3490\n",
      "PreconLBFGS:  36  18:30:49       -1.586935       0.2858\n",
      "PreconLBFGS:  37  18:30:49       -1.590485       0.2172\n",
      "PreconLBFGS:  38  18:30:49       -1.592024       0.3351\n",
      "PreconLBFGS:  39  18:30:49       -1.593529       0.2631\n",
      "PreconLBFGS:  40  18:30:49       -1.595246       0.2297\n",
      "PreconLBFGS:  41  18:30:49       -1.597178       0.1578\n",
      "PreconLBFGS:  42  18:30:49       -1.599055       0.1346\n",
      "PreconLBFGS:  43  18:30:49       -1.600229       0.1552\n",
      "PreconLBFGS:  44  18:30:49       -1.601831       0.1324\n",
      "PreconLBFGS:  45  18:30:49       -1.603597       0.0917\n",
      "PreconLBFGS:  46  18:30:49       -1.604269       0.1630\n",
      "PreconLBFGS:  47  18:30:49       -1.605150       0.1525\n",
      "PreconLBFGS:  48  18:30:49       -1.606351       0.1154\n",
      "PreconLBFGS:  49  18:30:49       -1.607650       0.0747\n",
      "PreconLBFGS:  50  18:30:49       -1.608692       0.1104\n",
      "PreconLBFGS:  51  18:30:49       -1.610029       0.1537\n",
      "PreconLBFGS:  52  18:30:49       -1.611445       0.0992\n",
      "PreconLBFGS:  53  18:30:49       -1.612391       0.1017\n",
      "PreconLBFGS:  54  18:30:49       -1.612974       0.1507\n",
      "PreconLBFGS:  55  18:30:49       -1.613735       0.0998\n",
      "PreconLBFGS:  56  18:30:49       -1.614293       0.0773\n",
      "PreconLBFGS:  57  18:30:49       -1.614926       0.0793\n",
      "PreconLBFGS:  58  18:30:49       -1.615426       0.1097\n",
      "PreconLBFGS:  59  18:30:49       -1.615668       0.0633\n",
      "PreconLBFGS:  60  18:30:49       -1.616078       0.0623\n",
      "PreconLBFGS:  61  18:30:49       -1.616563       0.0477\n",
      "PreconLBFGS:  62  18:30:49       -1.616964       0.0367\n",
      "PreconLBFGS:  63  18:30:49       -1.617121       0.0387\n",
      "PreconLBFGS:  64  18:30:49       -1.617237       0.0329\n",
      "PreconLBFGS:  65  18:30:49       -1.617473       0.0357\n",
      "PreconLBFGS:  66  18:30:49       -1.617599       0.0454\n",
      "PreconLBFGS:  67  18:30:49       -1.617817       0.0538\n",
      "PreconLBFGS:  68  18:30:49       -1.618208       0.0553\n",
      "PreconLBFGS:  69  18:30:49       -1.618855       0.0684\n",
      "PreconLBFGS:  70  18:30:49       -1.619698       0.0946\n",
      "PreconLBFGS:  71  18:30:49       -1.620091       0.0676\n",
      "PreconLBFGS:  72  18:30:49       -1.620638       0.0846\n",
      "PreconLBFGS:  73  18:30:49       -1.621085       0.0417\n",
      "PreconLBFGS:  74  18:30:49       -1.621310       0.0300\n",
      "PreconLBFGS:  75  18:30:49       -1.621578       0.0318\n",
      "PreconLBFGS:  76  18:30:49       -1.621695       0.0568\n",
      "PreconLBFGS:  77  18:30:49       -1.621822       0.0434\n",
      "PreconLBFGS:  78  18:30:49       -1.621941       0.0361\n",
      "PreconLBFGS:  79  18:30:49       -1.622104       0.0211\n",
      "PreconLBFGS:  80  18:30:49       -1.622243       0.0442\n",
      "PreconLBFGS:  81  18:30:49       -1.622315       0.0162\n",
      "PreconLBFGS:  82  18:30:49       -1.622351       0.0086\n",
      "PreconLBFGS:  83  18:30:49       -1.622395       0.0184\n",
      "PreconLBFGS:  84  18:30:49       -1.622421       0.0140\n",
      "PreconLBFGS:  85  18:30:49       -1.622446       0.0100\n",
      "PreconLBFGS:  86  18:30:49       -1.622472       0.0081\n",
      "PreconLBFGS:  87  18:30:49       -1.622485       0.0111\n",
      "PreconLBFGS:  88  18:30:49       -1.622498       0.0109\n",
      "PreconLBFGS:  89  18:30:50       -1.622529       0.0092\n",
      "PreconLBFGS:  90  18:30:50       -1.622571       0.0146\n",
      "PreconLBFGS:  91  18:30:50       -1.622636       0.0134\n",
      "PreconLBFGS:  92  18:30:50       -1.622705       0.0124\n",
      "PreconLBFGS:  93  18:30:50       -1.622746       0.0137\n",
      "PreconLBFGS:  94  18:30:50       -1.622772       0.0115\n",
      "PreconLBFGS:  95  18:30:50       -1.622783       0.0067\n",
      "PreconLBFGS:  96  18:30:50       -1.622789       0.0027\n",
      "PreconLBFGS:  97  18:30:50       -1.622791       0.0022\n",
      "PreconLBFGS:  98  18:30:50       -1.622792       0.0022\n",
      "PreconLBFGS:  99  18:30:50       -1.622792       0.0010\n",
      "PreconLBFGS: 100  18:30:50       -1.622793       0.0007\n",
      "PreconLBFGS: 101  18:30:50       -1.622793       0.0004\n",
      "PreconLBFGS: 102  18:30:50       -1.622793       0.0003\n",
      "PreconLBFGS: 103  18:30:50       -1.622793       0.0003\n",
      "PreconLBFGS: 104  18:30:50       -1.622793       0.0002\n",
      "PreconLBFGS: 105  18:30:50       -1.622793       0.0002\n",
      "PreconLBFGS: 106  18:30:50       -1.622793       0.0004\n",
      "PreconLBFGS: 107  18:30:50       -1.622793       0.0002\n",
      "PreconLBFGS: 108  18:30:50       -1.622793       0.0002\n",
      "PreconLBFGS: 109  18:30:50       -1.622793       0.0002\n",
      "PreconLBFGS: 110  18:30:50       -1.622793       0.0002\n",
      "PreconLBFGS: 111  18:30:50       -1.622793       0.0002\n",
      "PreconLBFGS: 112  18:30:50       -1.622793       0.0002\n",
      "PreconLBFGS: 113  18:30:50       -1.622793       0.0002\n",
      "PreconLBFGS: 114  18:30:50       -1.622793       0.0002\n",
      "PreconLBFGS: 115  18:30:50       -1.622793       0.0002\n",
      "PreconLBFGS: 116  18:30:50       -1.622793       0.0002\n",
      "PreconLBFGS: 117  18:30:50       -1.622793       0.0002\n",
      "PreconLBFGS: 118  18:30:50       -1.622793       0.0002\n",
      "PreconLBFGS: 119  18:30:50       -1.622793       0.0001\n",
      "PreconLBFGS: 120  18:30:50       -1.622793       0.0001\n",
      "PreconLBFGS: 121  18:30:50       -1.622793       0.0001\n",
      "PreconLBFGS: 122  18:30:50       -1.622793       0.0001\n",
      "PreconLBFGS: 123  18:30:50       -1.622793       0.0001\n"
     ]
    },
    {
     "data": {
      "text/plain": [
       "True"
      ]
     },
     "execution_count": 14,
     "metadata": {},
     "output_type": "execute_result"
    }
   ],
   "source": [
    "opt = PreconLBFGS(atoms, trajectory=\"geom_opt.traj\", use_armijo=True, precon=\"ID\")\n",
    "\n",
    "opt.run(fmax=0.0001)"
   ]
  },
  {
   "cell_type": "code",
   "execution_count": 15,
   "id": "7b2e4116",
   "metadata": {},
   "outputs": [
    {
     "data": {
      "application/vnd.jupyter.widget-view+json": {
       "model_id": "1d468893fb634633bea6ffed6349d673",
       "version_major": 2,
       "version_minor": 0
      },
      "text/plain": [
       "NGLWidget(max_frame=123)"
      ]
     },
     "metadata": {},
     "output_type": "display_data"
    }
   ],
   "source": [
    "# load trajectory of geometry optimisation\n",
    "traj = Trajectory('geom_opt.traj')\n",
    "# show the trajectory\n",
    "view = show_asetraj(traj)\n",
    "view.player.parameters = dict(delay=20)\n",
    "view"
   ]
  },
  {
   "cell_type": "markdown",
   "id": "c460fef0",
   "metadata": {},
   "source": [
    "## 3. Unbiased molecular dynamics simulation"
   ]
  },
  {
   "cell_type": "markdown",
   "id": "a91aa01e",
   "metadata": {},
   "source": [
    "### 3.1. Create an MD class using the [BAOAB](https://aip.scitation.org/doi/pdf/10.1063/1.4802990) scheme\n",
    "\n",
    "BAOAB is a numerical integrator for [Langevin dynamics](https://en.wikipedia.org/wiki/Langevin_dynamics) that can model friction by solvent molecules and perturbation caused by occasional high velocity collision:\n",
    "\n",
    "$$\n",
    "\\begin{cases}\n",
    "d\\mathbf{q} dt = \\mathbf{M}^{-1} \\mathbf{p} dt \\\\\n",
    "d\\mathbf{p} dt = -\\nabla V(\\mathbf{q}) dt - \\gamma \\mathbf{p}dt + \\sqrt{2\\gamma \\beta^{-1}} \\mathbf{M}^{1/2}dW\n",
    "\\end{cases}\n",
    "$$\n",
    "\n",
    "where $\\mathbf{q}, \\mathbf{p} \\in \\mathbb{R}^{3N}$ are the atomic positions and momenta, $\\mathbf{M} \\in \\mathbb{R}^{3n \\times 3N}$ is the diagonal mass matrix, $\\gamma > 0$ is the fricition coefficient, $\\beta = \\frac{1}{k_{\\mathrm{B}}T}$ is the inverse temperature with Boltzmann constant $k_{\\mathrm{B}}$ and temperature $T$ and $W = W(t)$ is a vector of $3N$ independent Wiener processes.\n",
    "\n",
    "The above dynamics samples the canonical density: $p(\\mathbf{q}, \\mathbf{p}) \\propto e^{-\\beta H(\\mathbf{q, p})}$, where $H(\\mathbf{q, p})$ is the system Hamiltonian.\n",
    "\n",
    "The BAOAB scheme is particularly accurate and can efficiently absorb extra heat (produced by some potential of mean force technique like metadynamics)."
   ]
  },
  {
   "cell_type": "code",
   "execution_count": 16,
   "id": "3853da4f",
   "metadata": {},
   "outputs": [],
   "source": [
    "class BAOAB(MolecularDynamics):\n",
    "    \"\"\"Langevin (constant N, V, T) molecular dynamics using the BAOAB scheme.\n",
    "    Usage: BAOAB(atoms, timestep, T, friction, nscm)\n",
    "    atoms\n",
    "        The list of atoms.\n",
    "    timestep\n",
    "        The time step.\n",
    "    T\n",
    "        The desired temperature, in energy units.\n",
    "    friction\n",
    "        A friction coefficient in fs^-1.\n",
    "    nscm\n",
    "        Frequency of removing translational and rotational COM motion in number of steps.\n",
    "\n",
    "    This dynamics accesses the atoms using Cartesian coordinates.\"\"\"\n",
    "    def __init__(self, atoms, timestep, T=None, friction=None, *,\n",
    "                 nscm=0, rndseed=None, trajectory=None, logfile=None, loginterval=1, dtype=torch.float64):\n",
    "        MolecularDynamics.__init__(self, atoms, timestep, trajectory, logfile, loginterval)\n",
    "        self.kT = torch.tensor(units.kB * T, dtype=dtype)\n",
    "        self.frict = torch.tensor(friction / units.fs, dtype=dtype)\n",
    "        self.nscm = nscm\n",
    "        if rndseed is not None:\n",
    "            torch.manual_seed(rndseed)\n",
    "        self.dtype = dtype\n",
    "       \n",
    "        self.halfdt = torch.tensor(0.5 * self.dt, dtype=self.dtype)\n",
    "        self.m = torch.tensor(atoms.get_masses(), dtype=self.dtype)\n",
    "        self.sumM = torch.sum(self.m)\n",
    "        self.M = torch.tensor(atoms.get_masses().repeat(3).reshape(-1, 3), dtype=self.dtype)\n",
    "        self.invM = 1 / self.M\n",
    "        self.halfdt_invM = self.halfdt * self.invM\n",
    "        self.epsilon = torch.exp(-self.dt * self.frict)\n",
    "        self.chi2_halfM = torch.sqrt(self.kT * (1 - self.epsilon * self.epsilon)) * torch.sqrt(self.M)\n",
    "        self.f = torch.zeros(atoms.get_positions().shape, dtype=self.dtype)\n",
    "        \n",
    "    def step(self, force=None):\n",
    "        if self.nsteps == 0:\n",
    "            f = torch.tensor(self.atoms.get_forces(), dtype=self.dtype)\n",
    "        else:\n",
    "            f = self.f\n",
    "        p = torch.tensor(self.atoms.get_momenta(), dtype=self.dtype)\n",
    "        q = torch.tensor(self.atoms.get_positions(), dtype=self.dtype)\n",
    "        r = torch.randn(q.shape, dtype=self.dtype)\n",
    "        \n",
    "        p = p + self.halfdt * f\n",
    "        q = q + self.halfdt_invM * p\n",
    "        p = self.epsilon * p + self.chi2_halfM * r\n",
    "        q = q + self.halfdt_invM * p\n",
    "        self.atoms.set_positions(q.detach().numpy())\n",
    "        f = torch.tensor(self.atoms.get_forces(), dtype=self.dtype)\n",
    "        p = p + self.halfdt * f\n",
    "        self.f = f\n",
    "        self.atoms.set_momenta(p.detach().numpy())\n",
    "        \n",
    "        if self.nscm != 0:\n",
    "            if (self.nsteps+1)%self.nscm == 0 or self.nsteps == 0:\n",
    "                self.remove_trans_rot()\n",
    "                \n",
    "        return f.detach().numpy()\n",
    "    \n",
    "    def todict(self):\n",
    "        return 0\n",
    "                \n",
    "    def remove_trans_rot(self):\n",
    "        # compute COM coordinate\n",
    "        qcom = torch.tensor(self.atoms.get_center_of_mass(), dtype=self.dtype)\n",
    "        # compute COM translational momentum, velocity and kinetic energy\n",
    "        p = torch.tensor(self.atoms.get_momenta(), dtype=self.dtype)\n",
    "        trans_mom_com = p.sum(axis=0)\n",
    "        trans_vel_com = trans_mom_com / self.sumM\n",
    "        trans_kin = 0.5 * torch.dot(trans_vel_com, trans_vel_com) * self.sumM\n",
    "        # compute COM angular momentum, velocity and kinetic energy\n",
    "        ang_mom_com = torch.tensor(self.atoms.get_angular_momentum(), dtype=self.dtype)\n",
    "        rq = torch.tensor(self.atoms.get_positions(), dtype=self.dtype) - qcom\n",
    "        rq2 = rq**2\n",
    "        inertia_tensor = torch.zeros((3,3), dtype=self.dtype)\n",
    "        inertia_tensor[0, 0] = torch.sum(self.m * (rq2[:, 1] + rq2[:, 2]))\n",
    "        inertia_tensor[1, 1] = torch.sum(self.m * (rq2[:, 0] + rq2[:, 2]))\n",
    "        inertia_tensor[2, 2] = torch.sum(self.m * (rq2[:, 0] + rq2[:, 1]))\n",
    "        inertia_tensor[0, 1] = -torch.sum(self.m * (rq[:, 0] * rq[:, 1]))\n",
    "        inertia_tensor[0, 2] = -torch.sum(self.m * (rq[:, 0] * rq[:, 2]))\n",
    "        inertia_tensor[1, 2] = -torch.sum(self.m * (rq[:, 1] * rq[:, 2]))\n",
    "        inertia_tensor[1, 0] = inertia_tensor[0, 1]\n",
    "        inertia_tensor[2, 0] = inertia_tensor[0, 2]\n",
    "        inertia_tensor[2, 1] = inertia_tensor[1, 2]\n",
    "        ang_vel_com = torch.linalg.solve(inertia_tensor, ang_mom_com)\n",
    "        rot_kin = 0.5 * torch.dot(ang_vel_com, ang_mom_com)\n",
    "\n",
    "        p = p - self.M * (trans_vel_com + torch.cross(ang_vel_com.repeat(self.atoms.get_number_of_atoms()).reshape(rq.shape), rq))\n",
    "\n",
    "        self.atoms.set_momenta(p)"
   ]
  },
  {
   "cell_type": "markdown",
   "id": "856000fe",
   "metadata": {},
   "source": [
    "### 3.2. Setup an MD simulation"
   ]
  },
  {
   "cell_type": "code",
   "execution_count": 17,
   "id": "54538e42",
   "metadata": {},
   "outputs": [],
